,file,corte 0 ,corte 2,corte 6
0,ins_05_10_1.txt,0.13194894790649414,0.10776472091674805,0.11909246444702148
1,ins_05_10_10.txt,0.11204147338867188,0.12350964546203613,0.13588476181030273
2,ins_05_10_2.txt,0.15625357627868652,0.12611174583435059,0.17093396186828613
3,ins_05_10_3.txt,0.10880446434020996,0.12052011489868164,0.13479948043823242
4,ins_05_10_4.txt,0.13718008995056152,0.12535834312438965,0.11150288581848145
5,ins_05_10_5.txt,0.11003947257995605,0.12215185165405273,0.13623690605163574
6,ins_05_10_6.txt,0.12445449829101562,0.11230707168579102,0.1367778778076172
7,ins_05_10_7.txt,0.12825369834899902,0.11596918106079102,0.1405782699584961
8,ins_05_10_8.txt,0.12656664848327637,0.11454033851623535,0.1382129192352295
9,ins_05_10_9.txt,0.12275266647338867,0.11127996444702148,0.1346290111541748
10,ins_05_15_1.txt,0.11674094200134277,0.12877893447875977,0.14149069786071777
11,ins_05_15_10.txt,0.10998368263244629,0.1213691234588623,0.13309049606323242
12,ins_05_15_2.txt,0.10468697547912598,0.1283414363861084,0.11621856689453125
13,ins_05_15_3.txt,0.11399078369140625,0.12590837478637695,0.13788962364196777
14,ins_05_15_4.txt,0.11698126792907715,0.1288585662841797,0.14113068580627441
15,ins_05_15_5.txt,0.13241243362426758,0.11427807807922363,0.14530563354492188
16,ins_05_15_6.txt,0.12830829620361328,0.16110444068908691,0.14647698402404785
17,ins_05_15_8.txt,0.12769317626953125,0.1392970085144043,0.1514577865600586
18,ins_05_15_9.txt,0.1248931884765625,0.11347150802612305,0.1364760398864746
19,ins_05_20_1.txt,0.12639069557189941,0.11496949195861816,0.13801336288452148
20,ins_05_20_10.txt,0.13337397575378418,0.1098625659942627,0.12143754959106445
21,ins_05_20_2.txt,0.12365174293518066,0.11234021186828613,0.13551878929138184
22,ins_05_20_3.txt,0.12863755226135254,0.14457988739013672,0.11001157760620117
23,ins_05_20_4.txt,0.1383342742919922,0.12471485137939453,0.11294341087341309
24,ins_05_20_5.txt,0.14306330680847168,0.11798977851867676,0.13158297538757324
25,ins_05_20_6.txt,0.13725566864013672,0.11333203315734863,0.12573480606079102
26,ins_05_20_7.txt,0.10621428489685059,0.1310129165649414,0.11924600601196289
27,ins_05_20_8.txt,0.1402435302734375,0.11346054077148438,0.12862300872802734
28,ins_05_20_9.txt,0.11301207542419434,0.1367344856262207,0.12457609176635742
29,ins_07_14_1.txt,0.10932135581970215,0.12102055549621582,0.13277268409729004
30,ins_07_14_10.txt,0.13711810111999512,0.11394214630126953,0.1255168914794922
31,ins_07_14_2.txt,0.11131095886230469,0.12268733978271484,0.13478684425354004
32,ins_07_14_3.txt,0.11279177665710449,0.12420105934143066,0.13644933700561523
33,ins_07_14_4.txt,0.11950421333312988,0.10815095901489258,0.13140511512756348
34,ins_11_22_9.txt,0.11615824699401855,0.12793850898742676,0.1403980255126953
35,ins_11_33_1.txt,0.11530876159667969,0.1269533634185791,0.13881349563598633
36,ins_11_33_10.txt,0.10624241828918457,0.11757564544677734,0.12950611114501953
37,ins_11_33_2.txt,0.1346745491027832,0.11054801940917969,0.12254095077514648
38,ins_11_33_3.txt,0.11272215843200684,0.1473217010498047,0.1625816822052002
39,ins_11_33_4.txt,0.13649487495422363,0.12188553810119629,0.11046195030212402
40,ins_11_33_5.txt,0.10733747482299805,0.13364243507385254,0.11913275718688965
41,ins_11_33_6.txt,0.11002469062805176,0.13735222816467285,0.12266945838928223
42,ins_11_33_7.txt,0.13938379287719727,0.10776138305664062,0.15121006965637207
43,ins_11_33_8.txt,0.12817978858947754,0.11013436317443848,0.13993358612060547
44,ins_11_33_9.txt,0.1288444995880127,0.11187863349914551,0.14052796363830566
45,ins_11_44_1.txt,0.13950204849243164,0.11463427543640137,0.12575984001159668
46,ins_11_44_10.txt,0.12966108322143555,0.11846709251403809,0.14236211776733398
47,ins_11_44_2.txt,0.10757160186767578,0.11866569519042969,0.13053679466247559
48,ins_11_44_3.txt,0.11013650894165039,0.13426637649536133,0.12148785591125488
49,ins_11_44_4.txt,0.11932039260864258,0.13293051719665527,0.1500840187072754
50,ins_11_44_5.txt,0.12445831298828125,0.15508270263671875,0.13884997367858887
51,ins_13_52_1.txt,0.10585546493530273,0.11914515495300293,0.131058931350708
52,ins_13_52_10.txt,0.14022231101989746,0.15229463577270508,0.12150812149047852
53,ins_13_52_2.txt,0.13065314292907715,0.1439971923828125,0.1168527603149414
54,ins_13_52_3.txt,0.11114358901977539,0.13497304916381836,0.1222982406616211
55,ins_13_52_4.txt,0.12584400177001953,0.11388301849365234,0.13748884201049805
56,ins_13_52_5.txt,0.1077873706817627,0.11911344528198242,0.13347363471984863
57,ins_13_52_6.txt,0.11645340919494629,0.12820839881896973,0.14256668090820312
58,ins_13_52_7.txt,0.12185931205749512,0.1091926097869873,0.13474273681640625
59,ins_13_52_8.txt,0.12828588485717773,0.11450648307800293,0.1398165225982666
60,ins_13_52_9.txt,0.12471389770507812,0.11084389686584473,0.1363844871520996
61,ins_15_30_1.txt,0.11907434463500977,0.1065986156463623,0.13310623168945312
62,ins_15_30_10.txt,0.10585594177246094,0.11857438087463379,0.13045716285705566
63,ins_15_30_2.txt,0.10682868957519531,0.1482551097869873,0.15957069396972656
64,ins_15_30_3.txt,0.10746884346008301,0.13082337379455566,0.11895418167114258
65,ins_15_30_4.txt,0.10864806175231934,0.12040209770202637,0.13224124908447266
66,ins_15_30_5.txt,0.10815262794494629,0.1349029541015625,0.12286376953125
67,ins_15_30_6.txt,0.13271498680114746,0.1444692611694336,0.12087082862854004
68,ins_05_15_7.txt,0.12771987915039062,0.11612653732299805,0.13966655731201172
69,ins_07_14_5.txt,0.11752009391784668,0.10659956932067871,0.12916207313537598
70,ins_07_28_7.txt,0.1109621524810791,0.1225595474243164,0.13497614860534668
71,ins_09_27_5.txt,0.12358403205871582,0.11203122138977051,0.1354990005493164
72,ins_11_22_8.txt,0.11343836784362793,0.12440061569213867,0.13798260688781738
73,ins_11_44_6.txt,0.1250772476196289,0.11226201057434082,0.14021515846252441
74,ins_13_39_9.txt,0.12081050872802734,0.1361217498779297,0.1504039764404297
75,ins_15_30_7.txt,0.11266326904296875,0.12572932243347168,0.1375720500946045
76,ins_07_28_8.txt,0.10623407363891602,0.13122153282165527,0.11982560157775879
77,ins_07_28_9.txt,0.10952973365783691,0.13564229011535645,0.12342071533203125
78,ins_09_18_1.txt,0.10288119316101074,0.13648271560668945,0.14839911460876465
79,ins_09_18_10.txt,0.12183332443237305,0.11048436164855957,0.133345365524292
80,ins_09_18_2.txt,0.1283581256866455,0.10935592651367188,0.14029812812805176
81,ins_09_18_3.txt,0.12809395790100098,0.14134621620178223,0.11648392677307129
82,ins_09_18_4.txt,0.1273479461669922,0.11586856842041016,0.14117956161499023
83,ins_09_18_5.txt,0.11122417449951172,0.12238144874572754,0.13568830490112305
84,ins_09_18_6.txt,0.11070799827575684,0.1224057674407959,0.13573288917541504
85,ins_09_18_7.txt,0.13724756240844727,0.12296175956726074,0.11149239540100098
86,ins_09_18_8.txt,0.11233186721801758,0.12568330764770508,0.13744664192199707
87,ins_09_18_9.txt,0.12128829956054688,0.13483023643493652,0.10739898681640625
88,ins_09_27_1.txt,0.13094568252563477,0.1168973445892334,0.1426401138305664
89,ins_09_27_10.txt,0.13374018669128418,0.12184882164001465,0.1457502841949463
90,ins_09_27_2.txt,0.1329054832458496,0.11664247512817383,0.1447734832763672
91,ins_09_27_3.txt,0.11207222938537598,0.12346434593200684,0.13540053367614746
92,ins_09_27_4.txt,0.13207721710205078,0.11029052734375,0.14388394355773926
93,ins_09_27_6.txt,0.13135051727294922,0.10629487037658691,0.11793136596679688
94,ins_09_27_7.txt,0.13090753555297852,0.11877155303955078,0.10732817649841309
95,ins_09_27_8.txt,0.13799357414245605,0.11427497863769531,0.1258554458618164
96,ins_09_27_9.txt,0.11058187484741211,0.13467836380004883,0.12236690521240234
97,ins_09_36_1.txt,0.11361289024353027,0.12492799758911133,0.13709235191345215
98,ins_09_36_10.txt,0.11499929428100586,0.12704086303710938,0.14189529418945312
99,ins_09_36_2.txt,0.12613248825073242,0.13831710815429688,0.11213517189025879
100,ins_09_36_3.txt,0.10597538948059082,0.13238739967346191,0.11804580688476562
101,ins_09_36_4.txt,0.11057257652282715,0.1248013973236084,0.13677310943603516
102,ins_09_36_5.txt,0.10900068283081055,0.13532519340515137,0.12293601036071777
103,ins_09_36_6.txt,0.14382338523864746,0.12178969383239746,0.15537214279174805
104,ins_09_36_7.txt,0.13537335395812988,0.11220526695251465,0.12377119064331055
105,ins_09_36_8.txt,0.11857414245605469,0.1066732406616211,0.13069510459899902
106,ins_09_36_9.txt,0.12610363960266113,0.1376030445098877,0.11471366882324219
107,ins_11_22_1.txt,0.12909436225891113,0.11718487739562988,0.1417832374572754
108,ins_11_22_10.txt,0.13412261009216309,0.12302207946777344,0.1459178924560547
109,ins_11_22_2.txt,0.11304855346679688,0.12579059600830078,0.13787460327148438
110,ins_11_22_3.txt,0.12847113609313965,0.14552927017211914,0.11326193809509277
111,ins_11_22_4.txt,0.10720968246459961,0.12048792839050293,0.1325995922088623
112,ins_11_22_5.txt,0.13029265403747559,0.1418607234954834,0.1169595718383789
113,ins_11_22_6.txt,0.10836029052734375,0.12407565116882324,0.13649320602416992
114,ins_11_22_7.txt,0.12595748901367188,0.11434578895568848,0.13765907287597656
115,ins_07_14_6.txt,0.11354541778564453,0.13608574867248535,0.12475442886352539
116,ins_07_14_7.txt,0.12458252906799316,0.10983967781066895,0.13640046119689941
117,ins_07_14_8.txt,0.1155853271484375,0.1386721134185791,0.12691521644592285
118,ins_07_14_9.txt,0.11536097526550293,0.13876914978027344,0.12688589096069336
119,ins_07_21_1.txt,0.11142802238464355,0.12272405624389648,0.13445639610290527
120,ins_07_21_10.txt,0.14225220680236816,0.12997031211853027,0.11884498596191406
121,ins_07_21_2.txt,0.1254112720489502,0.11152052879333496,0.1369023323059082
122,ins_07_21_3.txt,0.11882424354553223,0.10758113861083984,0.13123011589050293
123,ins_07_21_4.txt,0.11569476127624512,0.12690091133117676,0.13980674743652344
124,ins_07_21_5.txt,0.1328868865966797,0.1069498062133789,0.12072086334228516
125,ins_07_21_6.txt,0.12339472770690918,0.11119914054870605,0.13738536834716797
126,ins_07_21_7.txt,0.10610747337341309,0.11718010902404785,0.12911486625671387
127,ins_07_21_8.txt,0.11198234558105469,0.12387275695800781,0.13548541069030762
128,ins_07_21_9.txt,0.1113736629486084,0.12346673011779785,0.13767123222351074
129,ins_07_28_1.txt,0.11423587799072266,0.12585663795471191,0.13947272300720215
130,ins_07_28_10.txt,0.10651421546936035,0.11915969848632812,0.13117694854736328
131,ins_07_28_2.txt,0.1281447410583496,0.11286568641662598,0.14094138145446777
132,ins_07_28_3.txt,0.1457533836364746,0.1283261775970459,0.15993332862854004
133,ins_07_28_4.txt,0.12747931480407715,0.14203572273254395,0.15888214111328125
134,ins_07_28_5.txt,0.13925719261169434,0.1258387565612793,0.15310263633728027
135,ins_07_28_6.txt,0.1162717342376709,0.1412508487701416,0.12868309020996094
136,ins_11_44_7.txt,0.11738204956054688,0.14087700843811035,0.12910223007202148
137,ins_11_44_8.txt,0.13275742530822754,0.14456391334533691,0.12126016616821289
138,ins_11_44_9.txt,0.1468644142150879,0.12228131294250488,0.13412261009216309
139,ins_13_26_1.txt,0.12070560455322266,0.13271641731262207,0.14698338508605957
140,ins_13_26_10.txt,0.10987997055053711,0.12154054641723633,0.13524150848388672
141,ins_13_26_2.txt,0.13364291191101074,0.10919570922851562,0.14407587051391602
142,ins_13_26_3.txt,0.13421320915222168,0.14631342887878418,0.1223752498626709
143,ins_13_26_4.txt,0.13820886611938477,0.11399292945861816,0.12551283836364746
144,ins_13_26_5.txt,0.11258721351623535,0.13640475273132324,0.12430953979492188
145,ins_13_26_6.txt,0.1274704933166504,0.11507081985473633,0.13962697982788086
146,ins_13_26_7.txt,0.13336491584777832,0.12184643745422363,0.14557695388793945
147,ins_13_26_8.txt,0.11006402969360352,0.12167096138000488,0.13372206687927246
148,ins_13_26_9.txt,0.11482381820678711,0.13932061195373535,0.1270618438720703
149,ins_13_39_1.txt,0.10944414138793945,0.12110042572021484,0.1340038776397705
150,ins_13_39_10.txt,0.10504770278930664,0.11615943908691406,0.1284022331237793
151,ins_13_39_2.txt,0.11447405815124512,0.1403825283050537,0.12627148628234863
152,ins_13_39_3.txt,0.11076045036315918,0.12506961822509766,0.1386852264404297
153,ins_13_39_4.txt,0.1397721767425537,0.1249997615814209,0.15189456939697266
154,ins_13_39_5.txt,0.1240072250366211,0.11146354675292969,0.13630056381225586
155,ins_13_39_6.txt,0.12695693969726562,0.11509418487548828,0.1391441822052002
156,ins_13_39_7.txt,0.10818171501159668,0.1334826946258545,0.12137770652770996
157,ins_13_39_8.txt,0.13715529441833496,0.12564969062805176,0.11330080032348633
158,ins_15_30_8.txt,0.12858986854553223,0.1171882152557373,0.1406710147857666
159,ins_15_30_9.txt,0.127915620803833,0.14068317413330078,0.11663484573364258
160,ins_15_45_1.txt,0.11685705184936523,0.12810039520263672,0.14740586280822754
161,ins_15_45_10.txt,0.10944366455078125,0.12085819244384766,0.1350104808807373
162,ins_15_45_2.txt,0.10873603820800781,0.12106728553771973,0.13647866249084473
163,ins_15_45_3.txt,0.11265850067138672,0.14464473724365234,0.15640950202941895
164,ins_15_45_4.txt,0.12244677543640137,0.11018800735473633,0.13446736335754395
165,ins_15_45_5.txt,0.11128401756286621,0.13394570350646973,0.12235236167907715
166,ins_15_45_6.txt,0.1143801212310791,0.1261615753173828,0.1383669376373291
167,ins_15_45_7.txt,0.11613225936889648,0.12740731239318848,0.13973259925842285
168,ins_15_45_8.txt,0.1127312183380127,0.12394475936889648,0.13554072380065918
169,ins_15_45_9.txt,0.12347149848937988,0.11197447776794434,0.13524484634399414
170,ins_15_60_1.txt,0.11140871047973633,0.12295365333557129,0.13461565971374512
171,ins_15_60_10.txt,0.12394404411315918,0.14936137199401855,0.16156792640686035
172,ins_15_60_2.txt,0.1416187286376953,0.11372852325439453,0.12807321548461914
173,ins_15_60_3.txt,0.12632203102111816,0.11325621604919434,0.13843655586242676
174,ins_15_60_4.txt,0.14289450645446777,0.15441203117370605,0.12497329711914062
175,ins_15_60_5.txt,0.13542413711547852,0.12363314628601074,0.14746594429016113
176,ins_15_60_6.txt,0.1325681209564209,0.145951509475708,0.11880803108215332
177,ins_15_60_7.txt,0.1581873893737793,0.12829184532165527,0.1827549934387207
178,ins_15_60_8.txt,0.12007260322570801,0.1458728313446045,0.1320796012878418
179,ins_15_60_9.txt,0.110931396484375,0.1376657485961914,0.12258291244506836
