,file,corte 0 ,corte 2,corte 6
0,ins_05_10_1.txt,0.10221338272094727,0.11526107788085938,0.12766289710998535
1,ins_05_10_10.txt,0.12007641792297363,0.10820412635803223,0.1316819190979004
2,ins_05_10_2.txt,0.135589599609375,0.12284040451049805,0.11111640930175781
3,ins_05_10_3.txt,0.10949993133544922,0.1226344108581543,0.13543319702148438
4,ins_05_10_4.txt,0.12515878677368164,0.11280202865600586,0.13715863227844238
5,ins_05_10_5.txt,0.13705682754516602,0.14971637725830078,0.16577887535095215
6,ins_05_10_6.txt,0.13432788848876953,0.1606731414794922,0.14681100845336914
7,ins_05_10_7.txt,0.13182401657104492,0.16188406944274902,0.1475696563720703
8,ins_05_10_8.txt,0.12100553512573242,0.15138459205627441,0.13646674156188965
9,ins_05_10_9.txt,0.1263892650604248,0.15471792221069336,0.13793659210205078
10,ins_05_15_1.txt,0.11670207977294922,0.14717936515808105,0.1586470603942871
11,ins_05_15_10.txt,0.10804510116577148,0.12024998664855957,0.13234353065490723
12,ins_05_15_2.txt,0.10489654541015625,0.11732983589172363,0.12904024124145508
13,ins_05_15_3.txt,0.11977863311767578,0.10817766189575195,0.13206982612609863
14,ins_05_15_4.txt,0.10714173316955566,0.11886191368103027,0.1310563087463379
15,ins_05_15_5.txt,0.11146736145019531,0.13485193252563477,0.12271356582641602
16,ins_05_15_6.txt,0.1060187816619873,0.11703920364379883,0.1291513442993164
17,ins_05_15_8.txt,0.10204935073852539,0.11517453193664551,0.12697505950927734
18,ins_05_15_9.txt,0.10508847236633301,0.12843680381774902,0.11642765998840332
19,ins_05_20_1.txt,0.11628127098083496,0.10513591766357422,0.12793827056884766
20,ins_05_20_10.txt,0.1161952018737793,0.10418701171875,0.12839841842651367
21,ins_05_20_2.txt,0.12934541702270508,0.10544037818908691,0.11671161651611328
22,ins_05_20_3.txt,0.10636544227600098,0.11760902404785156,0.12964963912963867
23,ins_05_20_4.txt,0.11623549461364746,0.10469794273376465,0.12819266319274902
24,ins_05_20_5.txt,0.10227465629577637,0.12099528312683105,0.13457536697387695
25,ins_05_20_6.txt,0.1061697006225586,0.11764955520629883,0.1291646957397461
26,ins_05_20_7.txt,0.11546063423156738,0.10368776321411133,0.12725019454956055
27,ins_05_20_8.txt,0.1301414966583252,0.10680603981018066,0.11820268630981445
28,ins_05_20_9.txt,0.10659146308898926,0.11843609809875488,0.12985801696777344
29,ins_07_14_1.txt,0.10858893394470215,0.12023258209228516,0.13167667388916016
30,ins_07_14_10.txt,0.12473607063293457,0.13639545440673828,0.10701942443847656
31,ins_07_14_2.txt,0.10134077072143555,0.11290359497070312,0.12550139427185059
32,ins_07_14_3.txt,0.10552263259887695,0.11757779121398926,0.12984323501586914
33,ins_07_14_4.txt,0.12859272956848145,0.11652135848999023,0.10407805442810059
34,ins_11_22_9.txt,0.10269689559936523,0.12576985359191895,0.11399245262145996
35,ins_11_33_1.txt,0.10384869575500488,0.11515355110168457,0.12671685218811035
36,ins_11_33_10.txt,0.12819385528564453,0.11610198020935059,0.10309457778930664
37,ins_11_33_2.txt,0.10441350936889648,0.11602020263671875,0.1276233196258545
38,ins_11_33_3.txt,0.10048317909240723,0.11179924011230469,0.12341880798339844
39,ins_11_33_4.txt,0.10973954200744629,0.13330864906311035,0.12126421928405762
40,ins_11_33_5.txt,0.11910533905029297,0.1066591739654541,0.1309800148010254
41,ins_11_33_6.txt,0.11645102500915527,0.10537862777709961,0.12814879417419434
42,ins_11_33_7.txt,0.12228679656982422,0.09978508949279785,0.11053109169006348
43,ins_11_33_8.txt,0.10298824310302734,0.11401915550231934,0.1254734992980957
44,ins_11_33_9.txt,0.10216355323791504,0.11347293853759766,0.12590789794921875
45,ins_11_44_1.txt,0.1075291633605957,0.11878633499145508,0.13051915168762207
46,ins_11_44_10.txt,0.10722661018371582,0.13116979598999023,0.11882472038269043
47,ins_11_44_2.txt,0.10485315322875977,0.11612606048583984,0.12833309173583984
48,ins_11_44_3.txt,0.11468338966369629,0.1031334400177002,0.12744545936584473
49,ins_11_44_4.txt,0.1072087287902832,0.11840510368347168,0.13040804862976074
50,ins_11_44_5.txt,0.10149121284484863,0.11409783363342285,0.12546730041503906
51,ins_13_52_1.txt,0.10473489761352539,0.1275491714477539,0.11565136909484863
52,ins_13_52_10.txt,0.10478544235229492,0.11818528175354004,0.1303539276123047
53,ins_13_52_2.txt,0.10306358337402344,0.11459994316101074,0.1263742446899414
54,ins_13_52_3.txt,0.1276259422302246,0.10467815399169922,0.1157679557800293
55,ins_13_52_4.txt,0.10272812843322754,0.11411094665527344,0.12664413452148438
56,ins_13_52_5.txt,0.12316107749938965,0.10505008697509766,0.13461756706237793
57,ins_13_52_6.txt,0.11769342422485352,0.1300947666168213,0.10618424415588379
58,ins_13_52_7.txt,0.1295771598815918,0.11563825607299805,0.10350751876831055
59,ins_13_52_8.txt,0.11312389373779297,0.10163092613220215,0.1265883445739746
60,ins_13_52_9.txt,0.11577963829040527,0.10472369194030762,0.12729215621948242
61,ins_15_30_1.txt,0.11596441268920898,0.12867188453674316,0.10483908653259277
62,ins_15_30_10.txt,0.12638568878173828,0.11505937576293945,0.1035010814666748
63,ins_15_30_2.txt,0.10120201110839844,0.1126558780670166,0.12420177459716797
64,ins_15_30_3.txt,0.12593460083007812,0.11431574821472168,0.10300183296203613
65,ins_15_30_4.txt,0.11602783203125,0.10406112670898438,0.127976655960083
66,ins_15_30_5.txt,0.11345720291137695,0.10207462310791016,0.12487053871154785
67,ins_15_30_6.txt,0.10045623779296875,0.1246645450592041,0.11317753791809082
68,ins_05_15_7.txt,0.10501980781555176,0.11600208282470703,0.1281147003173828
69,ins_07_14_5.txt,0.11481022834777832,0.10366487503051758,0.12595438957214355
70,ins_07_28_7.txt,0.12467575073242188,0.10100030899047852,0.1370086669921875
71,ins_09_27_5.txt,0.1010904312133789,0.11240005493164062,0.12375378608703613
72,ins_11_22_8.txt,0.10263514518737793,0.11419510841369629,0.12569046020507812
73,ins_11_44_6.txt,0.10144281387329102,0.12450838088989258,0.11249327659606934
74,ins_13_39_9.txt,0.1061251163482666,0.13052821159362793,0.11832666397094727
75,ins_15_30_7.txt,0.12688827514648438,0.10402297973632812,0.1153707504272461
76,ins_07_28_8.txt,0.11755847930908203,0.10634517669677734,0.1290280818939209
77,ins_07_28_9.txt,0.1129615306854248,0.10217928886413574,0.12403583526611328
78,ins_09_18_1.txt,0.1262493133544922,0.10267257690429688,0.1135869026184082
79,ins_09_18_10.txt,0.11399459838867188,0.10270023345947266,0.1252727508544922
80,ins_09_18_2.txt,0.10156941413879395,0.11409783363342285,0.12572550773620605
81,ins_09_18_3.txt,0.11124253273010254,0.10045003890991211,0.12298083305358887
82,ins_09_18_4.txt,0.099517822265625,0.14349126815795898,0.13025236129760742
83,ins_09_18_5.txt,0.11516022682189941,0.10393857955932617,0.12730693817138672
84,ins_09_18_6.txt,0.10448861122131348,0.12742352485656738,0.11573147773742676
85,ins_09_18_7.txt,0.10365891456604004,0.12621188163757324,0.11471247673034668
86,ins_09_18_8.txt,0.10440516471862793,0.11617279052734375,0.12810564041137695
87,ins_09_18_9.txt,0.11355090141296387,0.10085296630859375,0.12498807907104492
88,ins_09_27_1.txt,0.12987709045410156,0.1069176197052002,0.11812043190002441
89,ins_09_27_10.txt,0.10634231567382812,0.11722707748413086,0.12875676155090332
90,ins_09_27_2.txt,0.10881209373474121,0.12003040313720703,0.13161683082580566
91,ins_09_27_3.txt,0.1157524585723877,0.10381627082824707,0.12770748138427734
92,ins_09_27_4.txt,0.10210323333740234,0.12468576431274414,0.11330008506774902
93,ins_09_27_6.txt,0.1063833236694336,0.11798262596130371,0.1300957202911377
94,ins_09_27_7.txt,0.11505985260009766,0.10234928131103516,0.126356840133667
95,ins_09_27_8.txt,0.10067534446716309,0.12429976463317871,0.11231422424316406
96,ins_09_27_9.txt,0.12730884552001953,0.10372424125671387,0.11500024795532227
97,ins_09_36_1.txt,0.11382770538330078,0.10313987731933594,0.12563323974609375
98,ins_09_36_10.txt,0.10127425193786621,0.11299538612365723,0.12488937377929688
99,ins_09_36_2.txt,0.12937521934509277,0.11649227142333984,0.10535311698913574
100,ins_09_36_3.txt,0.10464286804199219,0.11585330963134766,0.12755942344665527
101,ins_09_36_4.txt,0.11370468139648438,0.10216522216796875,0.12491989135742188
102,ins_09_36_5.txt,0.10180878639221191,0.1245119571685791,0.1129922866821289
103,ins_09_36_6.txt,0.11282205581665039,0.10210394859313965,0.12481331825256348
104,ins_09_36_7.txt,0.11888313293457031,0.10506033897399902,0.13027739524841309
105,ins_09_36_8.txt,0.10433578491210938,0.1313767433166504,0.12006783485412598
106,ins_09_36_9.txt,0.11281776428222656,0.1012873649597168,0.12400174140930176
107,ins_11_22_1.txt,0.1049497127532959,0.1163945198059082,0.12814784049987793
108,ins_11_22_10.txt,0.13220643997192383,0.10764431953430176,0.12019753456115723
109,ins_11_22_2.txt,0.10633230209350586,0.11749148368835449,0.1296689510345459
110,ins_11_22_3.txt,0.10465860366821289,0.11560845375061035,0.1271810531616211
111,ins_11_22_4.txt,0.11738300323486328,0.12896084785461426,0.10573744773864746
112,ins_11_22_5.txt,0.1153867244720459,0.10394454002380371,0.12909340858459473
113,ins_11_22_6.txt,0.10215950012207031,0.11330080032348633,0.12533807754516602
114,ins_11_22_7.txt,0.11550784111022949,0.12782025337219238,0.10302495956420898
115,ins_07_14_6.txt,0.10628390312194824,0.11731195449829102,0.12872934341430664
116,ins_07_14_7.txt,0.10496401786804199,0.13042283058166504,0.11612963676452637
117,ins_07_14_8.txt,0.11268758773803711,0.1004951000213623,0.12344121932983398
118,ins_07_14_9.txt,0.12617897987365723,0.10185694694519043,0.11309480667114258
119,ins_07_21_1.txt,0.10019397735595703,0.11122274398803711,0.12284064292907715
120,ins_07_21_10.txt,0.12491679191589355,0.10216593742370605,0.13681602478027344
121,ins_07_21_2.txt,0.10316038131713867,0.11922669410705566,0.1317451000213623
122,ins_07_21_3.txt,0.11473989486694336,0.10302901268005371,0.1258695125579834
123,ins_07_21_4.txt,0.09956574440002441,0.1111307144165039,0.12283992767333984
124,ins_07_21_5.txt,0.11246490478515625,0.10175108909606934,0.12360453605651855
125,ins_07_21_6.txt,0.10863256454467773,0.13262343406677246,0.12060737609863281
126,ins_07_21_7.txt,0.10385990142822266,0.1268012523651123,0.1154170036315918
127,ins_07_21_8.txt,0.10233426094055176,0.11344361305236816,0.12532472610473633
128,ins_07_21_9.txt,0.1205892562866211,0.10525727272033691,0.13223481178283691
129,ins_07_28_1.txt,0.1015934944152832,0.11334609985351562,0.12535977363586426
130,ins_07_28_10.txt,0.10540390014648438,0.1283407211303711,0.11652851104736328
131,ins_07_28_2.txt,0.10688567161560059,0.11795377731323242,0.12953829765319824
132,ins_07_28_3.txt,0.12720346450805664,0.11564111709594727,0.1044306755065918
133,ins_07_28_4.txt,0.11604428291320801,0.12912750244140625,0.10445094108581543
134,ins_07_28_5.txt,0.10184311866760254,0.11346554756164551,0.12479400634765625
135,ins_07_28_6.txt,0.11364865303039551,0.1025400161743164,0.12484574317932129
136,ins_11_44_7.txt,0.11911559104919434,0.13104701042175293,0.10743832588195801
137,ins_11_44_8.txt,0.12732267379760742,0.10229229927062988,0.11356830596923828
138,ins_11_44_9.txt,0.11759185791015625,0.12919306755065918,0.1057424545288086
139,ins_13_26_1.txt,0.12564444541931152,0.10252523422241211,0.11352229118347168
140,ins_13_26_10.txt,0.11435747146606445,0.10307145118713379,0.12585759162902832
141,ins_13_26_2.txt,0.12804365158081055,0.10520696640014648,0.11637258529663086
142,ins_13_26_3.txt,0.10347294807434082,0.1154634952545166,0.12779450416564941
143,ins_13_26_4.txt,0.10622453689575195,0.12873411178588867,0.11745619773864746
144,ins_13_26_5.txt,0.12844252586364746,0.11673855781555176,0.10434961318969727
145,ins_13_26_6.txt,0.10693740844726562,0.11812877655029297,0.12949204444885254
146,ins_13_26_7.txt,0.10424995422363281,0.11642313003540039,0.12808704376220703
147,ins_13_26_8.txt,0.13097405433654785,0.1069493293762207,0.11866521835327148
148,ins_13_26_9.txt,0.10460972785949707,0.11709380149841309,0.12880563735961914
149,ins_13_39_1.txt,0.1301577091217041,0.11833381652832031,0.10457253456115723
150,ins_13_39_10.txt,0.10155129432678223,0.11409473419189453,0.12587904930114746
151,ins_13_39_2.txt,0.09767913818359375,0.10857820510864258,0.11981868743896484
152,ins_13_39_3.txt,0.1052088737487793,0.11726522445678711,0.1295909881591797
153,ins_13_39_4.txt,0.1168510913848877,0.1048436164855957,0.12941932678222656
154,ins_13_39_5.txt,0.11920619010925293,0.10766839981079102,0.1306295394897461
155,ins_13_39_6.txt,0.1024787425994873,0.11557173728942871,0.12713170051574707
156,ins_13_39_7.txt,0.10173630714416504,0.11283302307128906,0.12482404708862305
157,ins_13_39_8.txt,0.1269383430480957,0.11475133895874023,0.10306525230407715
158,ins_15_30_8.txt,0.1183316707611084,0.1303088665008545,0.10709643363952637
159,ins_15_30_9.txt,0.12562012672424316,0.10262727737426758,0.11375784873962402
160,ins_15_45_1.txt,0.11378026008605957,0.12505030632019043,0.10220813751220703
161,ins_15_45_10.txt,0.10127902030944824,0.11486101150512695,0.1271500587463379
162,ins_15_45_2.txt,0.10317325592041016,0.12620782852172852,0.11376547813415527
163,ins_15_45_3.txt,0.10925817489624023,0.12063956260681152,0.13262295722961426
164,ins_15_45_4.txt,0.11730360984802246,0.1059565544128418,0.12915849685668945
165,ins_15_45_5.txt,0.10302495956420898,0.1254725456237793,0.11392426490783691
166,ins_15_45_6.txt,0.12938904762268066,0.10690712928771973,0.1178445816040039
167,ins_15_45_7.txt,0.11002373695373535,0.12135004997253418,0.13349628448486328
168,ins_15_45_8.txt,0.11571288108825684,0.10417413711547852,0.12755560874938965
169,ins_15_45_9.txt,0.10522127151489258,0.11687445640563965,0.12868547439575195
170,ins_15_60_1.txt,0.10464262962341309,0.11653995513916016,0.1308894157409668
171,ins_15_60_10.txt,0.10357904434204102,0.11511898040771484,0.12735223770141602
172,ins_15_60_2.txt,0.10213804244995117,0.11390972137451172,0.12526726722717285
173,ins_15_60_3.txt,0.11605381965637207,0.12744355201721191,0.10358572006225586
174,ins_15_60_4.txt,0.10221338272094727,0.12726521492004395,0.1143798828125
175,ins_15_60_5.txt,0.11677742004394531,0.10431194305419922,0.12836265563964844
176,ins_15_60_6.txt,0.1121068000793457,0.10158896446228027,0.12352657318115234
177,ins_15_60_7.txt,0.10177397727966309,0.11343121528625488,0.1248464584350586
178,ins_15_60_8.txt,0.10068655014038086,0.11255979537963867,0.12416887283325195
179,ins_15_60_9.txt,0.11696457862854004,0.10576772689819336,0.12897872924804688
