,file,corte 0 ,corte 2,corte 6
0,ins_05_10_1.txt,0.12085461616516113,0.10863327980041504,0.13298821449279785
1,ins_05_10_10.txt,0.10784602165222168,0.11933422088623047,0.13167524337768555
2,ins_05_10_2.txt,0.11929631233215332,0.10832643508911133,0.13089799880981445
3,ins_05_10_3.txt,0.12965607643127441,0.1176753044128418,0.1058349609375
4,ins_05_10_4.txt,0.11646723747253418,0.10510873794555664,0.12779784202575684
5,ins_05_10_5.txt,0.10443472862243652,0.12719130516052246,0.11574125289916992
6,ins_05_10_6.txt,0.10537123680114746,0.11665558815002441,0.12831640243530273
7,ins_05_10_7.txt,0.1159980297088623,0.10489869117736816,0.12774276733398438
8,ins_05_10_8.txt,0.10035157203674316,0.11122941970825195,0.12260150909423828
9,ins_05_10_9.txt,0.11473345756530762,0.12616729736328125,0.1038663387298584
10,ins_05_15_1.txt,0.1040351390838623,0.11503005027770996,0.12656521797180176
11,ins_05_15_10.txt,0.11930966377258301,0.10726022720336914,0.13097548484802246
12,ins_05_15_2.txt,0.13710522651672363,0.1490943431854248,0.11449599266052246
13,ins_05_15_3.txt,0.10577702522277832,0.11690521240234375,0.12861061096191406
14,ins_05_15_4.txt,0.11278653144836426,0.10126447677612305,0.12508463859558105
15,ins_05_15_5.txt,0.1118173599243164,0.10090875625610352,0.12303829193115234
16,ins_05_15_6.txt,0.10027837753295898,0.11121034622192383,0.12301206588745117
17,ins_05_15_8.txt,0.11381936073303223,0.10286068916320801,0.12494826316833496
18,ins_05_15_9.txt,0.12569832801818848,0.10295319557189941,0.11390900611877441
19,ins_05_20_1.txt,0.12548327445983887,0.13669776916503906,0.11396265029907227
20,ins_05_20_10.txt,0.11871552467346191,0.10789704322814941,0.1304612159729004
21,ins_05_20_2.txt,0.11342597007751465,0.10250091552734375,0.12471699714660645
22,ins_05_20_3.txt,0.11174225807189941,0.10055398941040039,0.12365579605102539
23,ins_05_20_4.txt,0.11710262298583984,0.10577940940856934,0.12853312492370605
24,ins_05_20_5.txt,0.12399792671203613,0.10081267356872559,0.1119222640991211
25,ins_05_20_6.txt,0.11237359046936035,0.10154509544372559,0.1239466667175293
26,ins_05_20_7.txt,0.10348010063171387,0.11432552337646484,0.1256120204925537
27,ins_05_20_8.txt,0.16491198539733887,0.17656922340393066,0.12434196472167969
28,ins_05_20_9.txt,0.10231947898864746,0.11857414245605469,0.1301279067993164
29,ins_07_14_1.txt,0.11558699607849121,0.10448431968688965,0.12769603729248047
30,ins_07_14_10.txt,0.10170292854309082,0.1251692771911621,0.11337614059448242
31,ins_07_14_2.txt,0.10565710067749023,0.1176762580871582,0.12960243225097656
32,ins_07_14_3.txt,0.10629868507385254,0.12930035591125488,0.11742639541625977
33,ins_07_14_4.txt,0.11402559280395508,0.10334372520446777,0.12580227851867676
34,ins_11_22_9.txt,0.12903141975402832,0.10608077049255371,0.11757016181945801
35,ins_11_33_1.txt,0.11658716201782227,0.10543704032897949,0.12887287139892578
36,ins_11_33_10.txt,0.12573933601379395,0.1035456657409668,0.11435794830322266
37,ins_11_33_2.txt,0.11094403266906738,0.12662076950073242,0.13886094093322754
38,ins_11_33_3.txt,0.12830591201782227,0.10551643371582031,0.11688542366027832
39,ins_11_33_4.txt,0.12798309326171875,0.10499715805053711,0.11587166786193848
40,ins_11_33_5.txt,0.1064751148223877,0.1291484832763672,0.11746001243591309
41,ins_11_33_6.txt,0.10424184799194336,0.1270744800567627,0.1153564453125
42,ins_11_33_7.txt,0.11549615859985352,0.12703537940979004,0.1046755313873291
43,ins_11_33_8.txt,0.10069680213928223,0.11143708229064941,0.12280464172363281
44,ins_11_33_9.txt,0.11559510231018066,0.12777185440063477,0.10358619689941406
45,ins_11_44_1.txt,0.124725341796875,0.11291670799255371,0.10258316993713379
46,ins_11_44_10.txt,0.09914135932922363,0.12163805961608887,0.10997533798217773
47,ins_11_44_2.txt,0.13510608673095703,0.11176347732543945,0.1236104965209961
48,ins_11_44_3.txt,0.11158156394958496,0.12275123596191406,0.1344761848449707
49,ins_11_44_4.txt,0.11121439933776855,0.13534760475158691,0.12342238426208496
50,ins_11_44_5.txt,0.10581421852111816,0.11725497245788574,0.12865185737609863
51,ins_13_52_1.txt,0.11334824562072754,0.10135269165039062,0.1250929832458496
52,ins_13_52_10.txt,0.10187506675720215,0.113677978515625,0.12544536590576172
53,ins_13_52_2.txt,0.12722039222717285,0.11535120010375977,0.10445809364318848
54,ins_13_52_3.txt,0.10159778594970703,0.11233806610107422,0.1241140365600586
55,ins_13_52_4.txt,0.12516379356384277,0.10199594497680664,0.11318778991699219
56,ins_13_52_5.txt,0.10177230834960938,0.1126091480255127,0.12449169158935547
57,ins_13_52_6.txt,0.10340380668640137,0.11428999900817871,0.12647271156311035
58,ins_13_52_7.txt,0.10893821716308594,0.09824633598327637,0.12212872505187988
59,ins_13_52_8.txt,0.12105536460876465,0.1091623306274414,0.1325244903564453
60,ins_13_52_9.txt,0.10888338088989258,0.13251185417175293,0.1205146312713623
61,ins_15_30_1.txt,0.10578417778015137,0.1174001693725586,0.13023996353149414
62,ins_15_30_10.txt,0.11407327651977539,0.10261964797973633,0.12731337547302246
63,ins_15_30_2.txt,0.13983798027038574,0.11658740043640137,0.1278820037841797
64,ins_15_30_3.txt,0.10979342460632324,0.12090492248535156,0.13225078582763672
65,ins_15_30_4.txt,0.10242652893066406,0.1147153377532959,0.1267106533050537
66,ins_15_30_5.txt,0.10366177558898926,0.11521339416503906,0.12650251388549805
67,ins_15_30_6.txt,0.1013641357421875,0.12503600120544434,0.11340975761413574
68,ins_05_15_7.txt,0.11224937438964844,0.1013944149017334,0.12427806854248047
69,ins_07_14_5.txt,0.10089349746704102,0.1123654842376709,0.12384724617004395
70,ins_07_28_7.txt,0.12060809135437012,0.1071779727935791,0.13323402404785156
71,ins_09_27_5.txt,0.13330841064453125,0.12082862854003906,0.10923314094543457
72,ins_11_22_8.txt,0.10547542572021484,0.12822580337524414,0.11666131019592285
73,ins_11_44_6.txt,0.10819387435913086,0.13138294219970703,0.11924982070922852
74,ins_13_39_9.txt,0.12499332427978516,0.1018826961517334,0.11331915855407715
75,ins_15_30_7.txt,0.11294150352478027,0.1012566089630127,0.12524199485778809
76,ins_07_28_8.txt,0.10105371475219727,0.11597371101379395,0.12715649604797363
77,ins_07_28_9.txt,0.09871506690979004,0.11057662963867188,0.12215495109558105
78,ins_09_18_1.txt,0.1342017650604248,0.12221908569335938,0.10821700096130371
79,ins_09_18_10.txt,0.1312541961669922,0.1076509952545166,0.11980819702148438
80,ins_09_18_2.txt,0.09883832931518555,0.1095132827758789,0.12092924118041992
81,ins_09_18_3.txt,0.11755204200744629,0.12892627716064453,0.1063835620880127
82,ins_09_18_4.txt,0.10088443756103516,0.12381553649902344,0.11198568344116211
83,ins_09_18_5.txt,0.11253905296325684,0.10071015357971191,0.1245272159576416
84,ins_09_18_6.txt,0.10338973999023438,0.11504888534545898,0.12679481506347656
85,ins_09_18_7.txt,0.12506818771362305,0.10178995132446289,0.11363863945007324
86,ins_09_18_8.txt,0.12824034690856934,0.10461044311523438,0.11568474769592285
87,ins_09_18_9.txt,0.10881352424621582,0.11970782279968262,0.13156700134277344
88,ins_09_27_1.txt,0.11022639274597168,0.1215066909790039,0.1329050064086914
89,ins_09_27_10.txt,0.1050267219543457,0.12782955169677734,0.11594319343566895
90,ins_09_27_2.txt,0.12570905685424805,0.10365509986877441,0.11441946029663086
91,ins_09_27_3.txt,0.10097074508666992,0.11290407180786133,0.12483429908752441
92,ins_09_27_4.txt,0.11769819259643555,0.10538554191589355,0.12931203842163086
93,ins_09_27_6.txt,0.11527848243713379,0.10440850257873535,0.12695550918579102
94,ins_09_27_7.txt,0.10691356658935547,0.11796879768371582,0.1300656795501709
95,ins_09_27_8.txt,0.11000204086303711,0.13345980644226074,0.1216278076171875
96,ins_09_27_9.txt,0.1083526611328125,0.12391161918640137,0.1348419189453125
97,ins_09_36_1.txt,0.11634135246276855,0.12812089920043945,0.10134696960449219
98,ins_09_36_10.txt,0.11067461967468262,0.10004544258117676,0.12288212776184082
99,ins_09_36_2.txt,0.09928369522094727,0.11030220985412598,0.12180948257446289
100,ins_09_36_3.txt,0.11433744430541992,0.10282468795776367,0.1260075569152832
101,ins_09_36_4.txt,0.12865471839904785,0.11735415458679199,0.10582828521728516
102,ins_09_36_5.txt,0.1167304515838623,0.10489416122436523,0.12890362739562988
103,ins_09_36_6.txt,0.1033778190612793,0.11461091041564941,0.12615132331848145
104,ins_09_36_7.txt,0.11799836158752441,0.10621190071105957,0.1294548511505127
105,ins_09_36_8.txt,0.11966252326965332,0.13077545166015625,0.10445594787597656
106,ins_09_36_9.txt,0.11146116256713867,0.10064220428466797,0.12349104881286621
107,ins_11_22_1.txt,0.12044072151184082,0.10353827476501465,0.13367867469787598
108,ins_11_22_10.txt,0.09937500953674316,0.12336254119873047,0.1110846996307373
109,ins_11_22_2.txt,0.10141181945800781,0.11572051048278809,0.12866687774658203
110,ins_11_22_3.txt,0.13482666015625,0.12322282791137695,0.11162400245666504
111,ins_11_22_4.txt,0.12934303283691406,0.10635757446289062,0.11780524253845215
112,ins_11_22_5.txt,0.10037636756896973,0.12318253517150879,0.11121940612792969
113,ins_11_22_6.txt,0.10460376739501953,0.11575555801391602,0.12729191780090332
114,ins_11_22_7.txt,0.10112357139587402,0.11228823661804199,0.12364315986633301
115,ins_07_14_6.txt,0.10410046577453613,0.11546564102172852,0.12730622291564941
116,ins_07_14_7.txt,0.131392240524292,0.10846447944641113,0.1197962760925293
117,ins_07_14_8.txt,0.13011837005615234,0.10759592056274414,0.1186666488647461
118,ins_07_14_9.txt,0.13108205795288086,0.10822367668151855,0.11932682991027832
119,ins_07_21_1.txt,0.11455392837524414,0.10321593284606934,0.1267225742340088
120,ins_07_21_10.txt,0.10548591613769531,0.1165153980255127,0.1277756690979004
121,ins_07_21_2.txt,0.10211944580078125,0.11348724365234375,0.12584853172302246
122,ins_07_21_3.txt,0.12204098701477051,0.10027241706848145,0.11090540885925293
123,ins_07_21_4.txt,0.11156964302062988,0.10007929801940918,0.12314081192016602
124,ins_07_21_5.txt,0.10173916816711426,0.11287546157836914,0.1247708797454834
125,ins_07_21_6.txt,0.10318732261657715,0.11582398414611816,0.12774872779846191
126,ins_07_21_7.txt,0.12184596061706543,0.1075432300567627,0.13353657722473145
127,ins_07_21_8.txt,0.1107950210571289,0.0998225212097168,0.12234330177307129
128,ins_07_21_9.txt,0.11439037322998047,0.102691650390625,0.12568998336791992
129,ins_07_28_1.txt,0.11178064346313477,0.10009360313415527,0.12345433235168457
130,ins_07_28_10.txt,0.11014056205749512,0.09927034378051758,0.12109017372131348
131,ins_07_28_2.txt,0.09997868537902832,0.12444305419921875,0.1124429702758789
132,ins_07_28_3.txt,0.10470962524414062,0.116912841796875,0.12834525108337402
133,ins_07_28_4.txt,0.10797452926635742,0.11919450759887695,0.13094425201416016
134,ins_07_28_5.txt,0.12622880935668945,0.1153101921081543,0.13735103607177734
135,ins_07_28_6.txt,0.1069638729095459,0.11859464645385742,0.13049054145812988
136,ins_11_44_7.txt,0.11051797866821289,0.09973597526550293,0.12194156646728516
137,ins_11_44_8.txt,0.09927630424499512,0.11048603057861328,0.12195062637329102
138,ins_11_44_9.txt,0.10044622421264648,0.1112508773803711,0.1230154037475586
139,ins_13_26_1.txt,0.12558770179748535,0.102569580078125,0.11377787590026855
140,ins_13_26_10.txt,0.10633206367492676,0.11822009086608887,0.13016510009765625
141,ins_13_26_2.txt,0.1075890064239502,0.11904239654541016,0.1309046745300293
142,ins_13_26_3.txt,0.10421991348266602,0.11490130424499512,0.12604022026062012
143,ins_13_26_4.txt,0.10851240158081055,0.11959695816040039,0.1307964324951172
144,ins_13_26_5.txt,0.12119626998901367,0.11008000373840332,0.13273334503173828
145,ins_13_26_6.txt,0.10781025886535645,0.11990118026733398,0.13179683685302734
146,ins_13_26_7.txt,0.11795210838317871,0.10632705688476562,0.13001060485839844
147,ins_13_26_8.txt,0.10733318328857422,0.11853885650634766,0.1301584243774414
148,ins_13_26_9.txt,0.10711526870727539,0.13253498077392578,0.11890101432800293
149,ins_13_39_1.txt,0.12292003631591797,0.13507771492004395,0.11160850524902344
150,ins_13_39_10.txt,0.1062469482421875,0.11847686767578125,0.13065481185913086
151,ins_13_39_2.txt,0.12951064109802246,0.10596680641174316,0.11709952354431152
152,ins_13_39_3.txt,0.11343169212341309,0.10221362113952637,0.12450098991394043
153,ins_13_39_4.txt,0.11084675788879395,0.09964680671691895,0.1224668025970459
154,ins_13_39_5.txt,0.11035537719726562,0.0993340015411377,0.12186002731323242
155,ins_13_39_6.txt,0.1258857250213623,0.11349272727966309,0.10229372978210449
156,ins_13_39_7.txt,0.10287046432495117,0.12333536148071289,0.13665008544921875
157,ins_13_39_8.txt,0.1136012077331543,0.12509846687316895,0.13646769523620605
158,ins_15_30_8.txt,0.10616493225097656,0.11749553680419922,0.1291978359222412
159,ins_15_30_9.txt,0.11681747436523438,0.12834453582763672,0.10512065887451172
160,ins_15_45_1.txt,0.11538934707641602,0.10428094863891602,0.1280345916748047
161,ins_15_45_10.txt,0.11360454559326172,0.10257387161254883,0.12610530853271484
162,ins_15_45_2.txt,0.10025167465209961,0.12215232849121094,0.11109089851379395
163,ins_15_45_3.txt,0.10364627838134766,0.12723135948181152,0.11514019966125488
164,ins_15_45_4.txt,0.10605287551879883,0.12831497192382812,0.11713886260986328
165,ins_15_45_5.txt,0.10243844985961914,0.11315345764160156,0.12475275993347168
166,ins_15_45_6.txt,0.10989189147949219,0.0994424819946289,0.12164711952209473
167,ins_15_45_7.txt,0.11569404602050781,0.10036158561706543,0.12721824645996094
168,ins_15_45_8.txt,0.10229682922363281,0.11363959312438965,0.12540102005004883
169,ins_15_45_9.txt,0.1307051181793213,0.11937236785888672,0.10842418670654297
170,ins_15_60_1.txt,0.12028980255126953,0.13179302215576172,0.10830497741699219
171,ins_15_60_10.txt,0.11678838729858398,0.10364747047424316,0.12844014167785645
172,ins_15_60_2.txt,0.11996102333068848,0.09746313095092773,0.10779261589050293
173,ins_15_60_3.txt,0.10061526298522949,0.11202764511108398,0.12323784828186035
174,ins_15_60_4.txt,0.11406540870666504,0.1025381088256836,0.12647294998168945
175,ins_15_60_5.txt,0.10023283958435059,0.11125469207763672,0.1233375072479248
176,ins_15_60_6.txt,0.11610674858093262,0.12742257118225098,0.10428857803344727
177,ins_15_60_7.txt,0.10591602325439453,0.12971162796020508,0.11763405799865723
178,ins_15_60_8.txt,0.11482477188110352,0.12697911262512207,0.10360407829284668
179,ins_15_60_9.txt,0.11792922019958496,0.1296074390411377,0.10642790794372559
